0 0.45390625 0.496875 0.6109375 0.99375
0 0.8078125 0.74296875 0.20390625 0.50703125
0 0.9546875 0.709375 0.0875 0.56953125
0 0.8859375 0.6484375 0.14296875 0.6921875
0 0.69375 0.63125 0.13828125 0.3859375
0 0.25390625 0.44453125 0.16875 0.36640625
0 0.1140625 0.66796875 0.22734375 0.65703125
0 0.71171875 0.41015625 0.07109375 0.22421875
0 0.60703125 0.5484375 0.08828125 0.2515625
0 0.76953125 0.49453125 0.1109375 0.3140625
0 0.9828125 0.3609375 0.03125 0.1484375
0 0.25234375 0.54375 0.10234375 0.284375
0 0.1296875 0.45234375 0.10078125 0.2609375