0 0.68359375 0.5015625 0.28359375 0.984375
0 0.34140625 0.63125 0.28828125 0.72578125
0 0.1296875 0.5703125 0.12265625 0.696875
0 0.225 0.49296875 0.109375 0.67109375
0 0.54375 0.51953125 0.11484375 0.7625
0 0.4390625 0.62265625 0.10546875 0.7078125
0 0.38359375 0.303125 0.07421875 0.284375
0 0.04609375 0.515625 0.09140625 0.665625
0 0.62265625 0.25546875 0.03828125 0.134375
0 0.4875 0.48046875 0.0671875 0.6265625
0 0.1671875 0.5015625 0.06953125 0.603125
0 0.42265625 0.2625 0.0359375 0.10859375
0 0.4484375 0.23515625 0.03125 0.08203125